stairs_1627_0.mcap  时长 112 s  Odometry 1124  IMU 22300  关节 22299  cmd 1611  climb_mode [(np.float64(43.5), 2)]
    t     Δz    行程   vx令   roll  pitch    yaw | 轮速 fl fr hl hr (rad/s) | 轮力矩 |均| fl fr hl hr | 堵转%(|τ|>6&|v|<1) | 膝 fl fr hl hr
    0  -0.00  0.01  0.00   +0.8   -1.0 -170.7 |  +0.0  -0.0  +0.0  -0.0 |  0.3  0.1  0.3  0.2 |    0    0    0    0 | +2.13 -2.10 -2.07 +2.10
    2  -0.01  0.02  0.00   +0.7   -0.9 -170.8 |  +0.0  +0.0  +0.0  -0.0 |  0.3  0.1  0.2  0.2 |    0    0    0    0 | +2.13 -2.10 -2.07 +2.10
    4  -0.01  0.02  0.00   +0.7   -0.9 -170.8 |  +0.0  +0.0  +0.0  -0.0 |  0.3  0.0  0.3  0.3 |    0    0    0    0 | +2.14 -2.10 -2.07 +2.10
    6  -0.01  0.02  0.00   +0.7   -0.9 -170.9 |  +0.0  -0.0  -0.0  -0.0 |  0.3  0.1  0.2  0.3 |    0    0    0    0 | +2.14 -2.10 -2.07 +2.10
    8  -0.01  0.02  0.00   +0.6   -0.9 -170.8 |  +0.0  -0.0  -0.0  -0.0 |  0.3  0.1  0.2  0.2 |    0    0    0    0 | +2.13 -2.10 -2.07 +2.10
   10  -0.03  0.05  0.20   +0.7   -0.8 -170.5 |  -2.3  +2.4  -1.2  +1.0 |  0.4  0.3  0.4  0.8 |    0    0    0    0 | +1.81 -1.79 -1.82 +1.81
   12  -0.02  0.55  0.25   +2.2   -7.9 -171.4 |  -3.9  +3.0  -3.0  +3.6 |  1.3  0.9  0.4  0.7 |    0    0    0    0 | +1.30 -1.15 -1.40 +1.39
   14  +0.15  1.30  0.25   -1.4   -8.4 -152.8 |  -7.5  +7.4  -5.3  +4.5 |  1.7  1.0  1.4  1.0 |    0    0    0    0 | +1.36 -1.08 -1.38 +1.42
   16  +0.39  2.24  0.25   +1.3   -9.7 -129.3 |  -6.1  +5.2  -4.6  +5.3 |  1.7  1.2  0.9  1.1 |    0    0    0    0 | +1.40 -1.14 -1.48 +1.41
   18  +0.62  3.10  0.25   -1.2   -6.4 -149.6 |  -7.9  +8.3  -5.0  +4.6 |  2.1  1.0  1.1  1.2 |    0    0    0    0 | +1.42 -1.11 -1.42 +1.38
   20  +0.86  3.95  0.25   -0.0   -8.5 -149.4 |  -5.7  +5.7  -4.1  +4.4 |  1.4  0.9  0.9  1.1 |    0    0    0    0 | +1.34 -1.15 -1.43 +1.44
   22  +1.07  4.80  0.25   -0.5   -7.2 -114.6 |  -6.8  +7.7  -5.3  +6.2 |  2.0  1.1  0.9  1.3 |    0    0    0    0 | +1.42 -1.18 -1.48 +1.35
   24  +1.33  5.77  0.25   -0.2   -7.6 -139.3 |  -9.2  +6.6  -4.8  +4.6 |  1.8  1.0  1.1  0.9 |    0    0    0    0 | +1.36 -1.13 -1.40 +1.47
   26  +1.58  6.72  0.25   +0.9   -5.1 -152.4 |  -6.2  +8.2  -5.0  +5.7 |  1.8  1.2  0.9  1.3 |    0    0    0    0 | +1.37 -1.16 -1.49 +1.24
   28  +1.75  7.60  0.08   +1.1   +1.0 -169.0 |  -1.9  +2.2  -2.3  +3.4 |  0.7  0.5  0.8  0.5 |    0    0    0    0 | +1.68 -1.66 -1.69 +1.68
   30  +1.81  7.67  0.00   +1.8   +3.5 -154.3 |  +1.3  -0.0  +1.3  -0.8 |  0.7  1.9  1.6  0.4 |    0    0    0    0 | +2.14 -2.25 -2.28 +1.96
   32  +1.82  7.53  0.00   +0.3   +0.4 -157.7 |  -0.2  -0.5  +0.2  -0.0 |  0.3  0.4  0.2  0.3 |    0    0    0    0 | +2.14 -2.09 -2.13 +2.09
   34  +1.82  7.52  0.00   +0.5   +0.0 -158.1 |  +0.0  -0.1  -0.0  -0.1 |  0.3  0.2  0.1  0.1 |    0    0    0    0 | +2.15 -2.11 -2.14 +2.11
   36  +1.81  7.51  0.00   +0.5   -0.0 -158.1 |  -0.0  +0.0  +0.0  -0.0 |  0.4  0.2  0.0  0.2 |    0    0    0    0 | +2.17 -2.12 -2.15 +2.10
   38  +1.82  7.52  0.00   +0.5   -0.0 -158.1 |  -0.0  -0.0  -0.0  +0.0 |  0.3  0.3  0.0  0.1 |    0    0    0    0 | +2.17 -2.12 -2.15 +2.10
   40  +1.82  7.51  0.00   +2.4   +0.7 -151.7 |  +0.8  -0.5  +0.6  -0.9 |  0.4  1.2  1.1  0.4 |    0    0    0    0 | +2.23 -2.24 -2.26 +2.00
   42  +1.80  7.38  0.10   +0.7   -1.4 -157.2 |  -1.0  +0.2  +0.1  +0.3 |  0.5  0.4  0.4  0.5 |    0    0    0    0 | +2.11 -2.05 -2.11 +2.06
   44  +1.77  7.68  0.25   +2.0   -3.2 -157.6 |  -3.9  +3.2  -2.8  +3.3 |  0.6  0.8  0.5  0.7 |    0    0    0    0 | +1.47 -1.46 -1.59 +1.50
   46  +1.79  8.40  0.19   +2.4   -2.6 -157.9 |  -3.0  +3.1  -3.4  +3.9 |  0.9  0.6  0.9  0.9 |    0    0    0    0 | +1.38 -1.23 -1.43 +1.37
   48  +1.87  8.66  0.00   +1.4   -2.4 -158.2 |  +0.3  -0.4  -0.2  +0.5 |  1.0  0.1  0.3  0.4 |    0    0    0    0 | +2.09 -2.12 -2.09 +2.05
   50  +1.87  8.65  0.00   +1.6   -2.5 -157.9 |  +0.1  -0.1  -0.0  -0.0 |  0.8  0.1  0.4  0.3 |    0    0    0    0 | +2.11 -2.15 -2.11 +2.07
   52  +1.88  8.68  0.00   +4.4   -2.6 -145.2 |  -0.5  +0.6  +0.4  -0.6 |  0.5  1.1  1.7  0.4 |    0    0    0    0 | +1.98 -2.40 -2.31 +1.68
   54  +1.89  8.64  0.08   +3.5   +1.9 -130.2 |  +0.3  -0.5  +1.1  +0.4 |  0.2  0.3  0.3  0.4 |    0    0    0    0 | +1.93 -2.36 -2.23 +1.66
   56  +1.88  8.68  0.25   +0.9   +1.5 -128.7 |  -1.6  +2.5  -1.4  +1.9 |  0.2  0.4  0.4  1.0 |    0    0    0    0 | +1.70 -2.06 -2.01 +1.66
   58  +1.89  8.85  0.02   -1.0   +1.8 -135.5 |  -0.3  -0.2  -0.9  -0.2 |  0.9  0.7  0.8  0.8 |    0    0    0    0 | +2.01 -1.86 -1.92 +2.05
   60  +1.90  8.86  0.00   -0.8   +1.1 -141.0 |  +0.1  -0.1  -0.3  -0.7 |  0.8  0.7  0.8  0.5 |    0    0    0    0 | +2.17 -1.99 -2.02 +2.21
   62  +1.88  8.96  0.22   -0.0   +1.3 -140.8 |  -2.5  +2.4  -1.1  +1.0 |  0.3  0.3  0.7  0.4 |    0    0    0    0 | +1.74 -1.67 -1.76 +1.79
   64  +1.86  9.35  0.25   +1.0   +1.1 -140.7 |  -2.8  +2.8  -2.7  +2.7 |  0.6  0.3  0.2  0.5 |    0    0    0    0 | +1.33 -1.28 -1.41 +1.41
   66  +1.88  9.70  0.25   +1.0   -0.0 -140.9 |  -2.3  +2.7  -3.0  +2.9 |  1.2  0.4  0.2  0.8 |    2    0    0    0 | +1.35 -1.27 -1.34 +1.41
   68  +1.95 10.21  0.25   -0.4   -8.2 -135.7 |  -6.8  +5.0  -3.6  +3.8 |  1.8  1.2  1.0  0.7 |    2    0    0    0 | +1.24 -1.18 -1.36 +1.43
   70  +2.14 10.83  0.25   -0.4   -7.9 -136.2 |  -5.1  +4.5  -4.1  +4.7 |  1.9  1.0  0.8  0.7 |    0    0    0    0 | +1.32 -1.21 -1.38 +1.51
   72  +2.34 11.45  0.25   +0.6   -1.8 -132.9 |  -7.2  +4.3  -5.2  +7.2 |  2.7  2.2  0.9  1.3 |    2    6    0    0 | +1.79 -1.69 -1.67 +1.96
   74  +2.47 11.83  0.25   +1.7   -6.4 -135.3 |  -7.4  +6.9  -3.6  +5.0 |  2.3  1.9  0.9  1.9 |    4    0    0    0 | +1.62 -1.63 -1.72 +1.86
   76  +2.56 12.19  0.25   +1.7   -6.5 -139.0 |  -6.3  +3.8  -2.2  +4.0 |  1.3  1.4  0.9  0.9 |    0    0    0    0 | +1.28 -1.41 -1.53 +1.54
   78  +2.74 12.80  0.25   -1.5   -6.4 -131.0 |  -5.4  +5.9  -4.5  +5.4 |  2.6  1.2  1.0  1.0 |    1    0    0    0 | +1.40 -1.20 -1.36 +1.61
   80  +2.93 13.39  0.25   +1.5   -6.1 -132.8 |  -5.9  +3.7  -4.6  +4.1 |  1.6  1.2  1.5  1.1 |    0    0    1    0 | +1.22 -1.14 -1.28 +1.52
   82  +3.05 13.92  0.18   +0.0   +0.0 -133.8 |  -4.3  +4.7  -5.2  +4.8 |  1.6  0.9  0.9  0.9 |    0    0    0    1 | +1.41 -1.28 -1.29 +1.60
   84  +3.15 14.23  0.00   +0.9   +0.2 -128.0 |  +1.4  +0.1  -0.0  +0.2 |  0.5  1.1  0.8  0.2 |    0    0    0    0 | +2.10 -2.15 -2.19 +2.06
   86  +3.15 14.27  0.00   +1.5   +2.9 -107.3 |  +0.4  +0.7  +0.8  -0.1 |  0.6  2.7  1.7  0.5 |    0    0    0    0 | +2.22 -2.28 -2.32 +2.06
   88  +3.18 14.30  0.00   +0.7   +2.7  -92.5 |  -0.2  +0.2  +1.0  +0.1 |  0.5  2.3  1.0  0.6 |    0    0    0    0 | +2.22 -2.24 -2.26 +2.08
   90  +3.18 14.29  0.01   -0.2   +0.8  -93.1 |  -0.0  -0.0  +0.2  +0.1 |  0.3  0.9  0.7  0.3 |    0    0    0    0 | +2.14 -2.16 -2.18 +2.13
   92  +3.18 14.33  0.16   -0.2   +0.3  -91.1 |  -0.5  +1.2  -0.8  +1.0 |  0.3  1.1  0.8  0.5 |    0    0    0    0 | +2.09 -2.16 -2.16 +2.09
   94  +3.18 14.33  0.00   +0.8   +4.2  -75.5 |  +0.3  +0.5  +1.1  -0.3 |  0.7  2.4  1.5  0.4 |    0    0    0    0 | +2.18 -2.24 -2.29 +2.04
   96  +3.20 14.37  0.00   -1.1   -0.0  -78.2 |  -0.5  -0.2  +0.1  -0.2 |  0.3  0.7  0.4  0.3 |    0    0    0    0 | +2.16 -2.07 -2.12 +2.16
   98  +3.19 14.37  0.05   -0.7   -2.6  -85.6 |  -0.2  -0.1  -0.1  -0.1 |  0.4  0.4  0.3  0.3 |    0    0    0    0 | +2.13 -2.01 -2.07 +2.13
  100  +3.14 14.46  0.21   +1.2   -1.0  -87.1 |  -3.2  +2.9  -1.9  +2.0 |  0.4  0.4  0.3  0.6 |    0    0    0    0 | +1.37 -1.31 -1.48 +1.50
  102  +3.21 14.53  0.00   +0.2   -2.4  -82.8 |  +0.9  -0.5  -0.3  +0.4 |  0.6  0.5  0.6  0.3 |    0    0    0    0 | +2.07 -2.10 -2.08 +2.07
  104  +3.20 14.53  0.00   -0.4   -3.0  -96.5 |  -0.5  +0.0  +0.2  -1.2 |  0.9  0.6  0.5  0.7 |    0    0    0    0 | +2.16 -1.83 -1.92 +2.19
  106  +3.19 14.48  0.00   +1.0   -4.8 -106.4 |  +0.0  -0.6  -0.1  +0.0 |  0.9  0.5  0.4  0.8 |    0    0    0    0 | +2.12 -1.90 -1.97 +2.12
  108  +3.20 14.47  0.00   +1.4   -2.9  -89.4 |  +0.2  +0.6  -0.1  +0.7 |  0.6  1.8  1.7  0.5 |    0    0    0    0 | +2.03 -2.31 -2.29 +2.02
  110  +3.20 14.47  0.07   +1.1   -2.3  -84.5 |  -0.7  +1.6  -0.2  +0.5 |  0.3  1.9  1.4  0.5 |    0    0    0    0 | +2.01 -2.26 -2.25 +1.99
  112  +3.16 14.49  0.25   +1.7   -0.7  -74.0 |  -5.9  +5.4  -2.0  +2.5 |  0.2  2.9  1.2  0.4 |    0    0    0    0 | +1.53 -1.91 -1.99 +1.57
