时长 78 s  climb_mode 事件: [(np.float64(6.2), 2), (np.float64(6.2), 0), (np.float64(6.6), 2), (np.float64(17.3), 0), (np.float64(75.7), 0)]
/hmap_info 5 列取值范围: c0 0.03743~0.6524  c1 5.213e-05~0.0003279  c2 15~31  c3 0.0006102~0.1207  c4 10.6~13.93
   t   vx令   wz令   LIOz LIOdz/s  LIOyaw IMUroll  pitch | 轮力矩|均| fl fr hl hr | 堵转%(|τ|>6&|v|<1) | raw空洞% raw墙格% 填图墙格% 填图帧跳p95 | hmap_info hole_rate map_coverage frames cloud_age tilt_deg
   0  0.00  0.00 -16.42   -0.01    67.9    -1.5   -2.9 |  0.5  0.3  1.0  0.9 |    0    0    0    0 |   31.6    0.0    0.0   0.06 | 0.316 0.000201 20.3 0.0207 10.7
   1  0.00  0.00 -16.42   -0.02    67.8    -1.5   -2.9 |  0.4  0.3  1.0  0.9 |    0    0    0    0 |   31.1    0.0    0.0   0.08 | 0.311 0.000202 23.5 0.0215 10.7
   2  0.00  0.00 -16.43   -0.01    67.9    -1.5   -2.9 |  0.5  0.4  1.0  0.9 |    0    0    0    0 |   31.4    0.0    0.0   0.06 | 0.314 0.000205 22.7 0.0218 10.6
   3  0.00  0.00 -16.42   +0.04    67.9    -1.4   -2.9 |  0.4  0.3  0.9  0.9 |    0    0    0    0 |   32.1    0.0    0.0   0.05 | 0.321 0.000208 22.1 0.0224 10.6
   4  0.00  0.00 -16.40   -0.03    67.8    -1.4   -2.9 |  0.3  0.3  0.9  0.9 |    0    0    0    0 |   31.0    0.0    0.0   0.06 | 0.31 0.000208 24.4 0.0196 10.6
   5  0.00  0.00 -16.44   -0.00    67.6    -1.5   -2.8 |  0.4  0.6  1.0  0.7 |    0    0    0    0 |   30.4    0.0    0.0   0.11 | 0.304 0.000201 21.7 0.0197 10.7
   6  0.15  0.02 -16.41   +0.06    67.0    -0.3   -2.3 |  0.8  0.5  1.0  0.8 |    0    0    0    0 |   29.8    0.0    0.0   0.09 | 0.298 0.0002 21.2 0.0257 10.6
   7  0.25  0.09 -16.22   +0.15    64.4    -0.9   +1.6 |  1.2  2.3  0.6  0.6 |    0    2    0    0 |   27.9    1.1    1.1   0.66 | 0.279 0.00022 24.7 0.0251 11.2
   8  0.25  0.02 -16.30   -0.16    67.4    -2.0   -1.2 |  0.9  2.6  0.4  0.7 |    0    0    0    0 |   11.7   21.8   21.8   0.66 | 0.117 0.000231 21.8 0.0258 11.7
   9  0.25 -0.10 -16.43   -0.05    70.9    -2.4   -0.2 |  1.6  0.9  0.4  0.7 |    0    0    0    0 |   14.4   37.0   40.4   0.53 | 0.144 0.000239 22.5 0.0202 11.5
  10  0.25 -0.13 -16.37   +0.06    72.2    -1.5   -0.1 |  1.1  0.9  1.1  0.2 |    0    0    0    0 |   19.1   20.8   23.9   0.33 | 0.191 0.000259 24.2 0.0256 11.3
  11  0.25  0.01 -16.26   +0.13    68.3    +1.4   +2.0 |  0.8  3.7  2.2  0.3 |    0    0    0    0 |   26.7    0.0    0.0   0.37 | 0.267 0.000232 20.6 0.0247 11.7
  12  0.25  0.07 -16.24   -0.13    65.7    +1.0   +2.4 |  1.1  4.1  0.9  0.3 |    0    0    0    0 |   23.5    0.1    0.1   0.51 | 0.235 0.000258 22.9 0.0187 12.9
  13  0.25 -0.01 -16.48   -0.18    67.7    -1.7   -1.1 |  0.8  1.7  0.5  0.7 |    0    0    0    0 |   18.5   20.3   21.1   0.36 | 0.185 0.000289 25.7 0.0208 13.5
  14  0.25  0.02 -16.49   +0.11    66.9    -3.9   -0.3 |  1.0  1.6  0.3  2.1 |    0    0    0    0 |   22.4   23.7   23.9   0.31 | 0.224 0.000247 21.2 0.025 13.3
  15  0.25  0.09 -16.31   +0.27    65.7    -1.4   +0.2 |  1.7  3.4  1.3  1.2 |    0    0    0    0 |   16.7    5.0    5.0   0.31 | 0.167 0.000291 24.6 0.0253 12.7
  16  0.25  0.14 -16.03   +0.16    65.4    +1.5   +2.4 |  0.7  4.4  1.3  0.9 |    0    7    0    0 |    7.8    0.7    0.7   0.52 | 0.0779 0.000314 23.8 0.0228 13
  17  0.07  0.07 -16.00   +0.07    52.2    -0.6   -2.4 |  2.4  1.7  1.1  1.6 |    0    0    0    0 |   24.3    1.7    2.1   0.53 | 0.243 0.000229 22 0.0251 13.8
  18  0.00  0.00 -15.93   -0.05    45.0    -1.3   -3.4 |  1.1  0.4  0.9  0.6 |    0    0    0    0 |   19.3    0.1    0.1   0.36 | 0.193 0.000277 24.8 0.022 13.6
  19  0.00  0.00 -15.95   -0.00    45.0    -1.7   -3.3 |  1.4  0.7  1.1  1.2 |    0    0    0    0 |   12.6    0.3    0.3   0.13 | 0.126 0.000304 21.8 0.0197 13.1
  20  0.00  0.00 -15.97   -0.03    44.9    -1.7   -3.4 |  0.6  0.8  0.7  1.0 |    0    0    0    0 |   21.1    0.0    0.0   0.15 | 0.211 0.000285 22.4 0.0209 12.6
  21  0.00  0.00 -15.98   +0.02    44.5    -1.8   -3.4 |  0.2  0.7  0.7  0.6 |    0    0    0    0 |   24.2    0.0    0.0   0.12 | 0.242 0.000303 25.2 0.0213 12.3
  22  0.00  0.00 -15.93   +0.03    45.4    -1.3   -3.2 |  0.2  0.6  0.1  0.7 |    0    0    0    0 |   27.6    0.0    0.0   0.09 | 0.276 0.000262 20.7 0.0198 12
  23  0.00  0.00 -15.94   -0.02    45.5    -1.2   -3.2 |  0.2  0.5  0.1  0.9 |    0    0    0    0 |   27.9    0.0    0.0   0.09 | 0.279 0.000254 21.7 0.0204 11.9
  24  0.00  0.00 -15.94   -0.01    45.3    -1.3   -3.3 |  0.1  0.5  0.2  1.0 |    0    0    0    0 |   29.0    0.0    0.0   0.11 | 0.29 0.000269 25.6 0.0222 11.8
  25  0.00  0.00 -15.95   -0.00    45.5    -1.3   -3.1 |  0.1  0.7  0.1  1.1 |    0    0    0    0 |   26.9    0.0    0.0   0.10 | 0.269 0.000286 20.6 0.02 11.7
  26  0.00  0.00 -15.94   +0.02    45.4    -1.3   -3.2 |  0.1  0.7  0.1  0.8 |    0    0    0    0 |   26.2    0.0    0.0   0.13 | 0.262 0.000284 24.2 0.0208 11.6
  27  0.00  0.00 -15.96   -0.05    45.1    -1.5   -3.2 |  0.2  0.8  0.3  0.7 |    0    0    0    0 |   25.7    0.0    0.0   0.13 | 0.257 0.000287 24.5 0.0221 11.6
  28  0.00  0.00 -15.95   +0.03    45.4    -1.3   -3.3 |  0.1  0.7  0.3  0.9 |    0    0    0    0 |   26.4    0.0    0.0   0.13 | 0.264 0.000257 20 0.0223 11.5
  29  0.00  0.00 -15.95   -0.01    45.5    -1.2   -3.2 |  0.2  0.7  0.2  1.1 |    0    0    0    0 |   24.2    0.0    0.0   0.09 | 0.242 0.000272 24.6 0.0223 11.4
  30  0.00  0.00 -15.96   +0.00    45.4    -1.3   -3.2 |  0.1  0.6  0.1  1.0 |    0    0    0    0 |   25.0    0.0    0.0   0.09 | 0.25 0.000285 23.8 0.0193 11.4
  31  0.00  0.00 -15.94   +0.01    45.4    -1.4   -3.2 |  0.0  0.6  0.1  0.8 |    0    0    0    0 |   26.7    0.0    0.0   0.08 | 0.267 0.000262 22.4 0.0202 11.4
  32  0.00  0.00 -15.94   -0.02    45.4    -1.4   -3.2 |  0.1  0.6  0.1  1.0 |    0    0    0    0 |   29.5    0.0    0.0   0.12 | 0.295 0.000246 24.4 0.0243 11.4
  33  0.00  0.00 -15.96   -0.02    45.5    -1.2   -3.2 |  0.1  0.5  0.2  1.1 |    0    0    0    0 |   31.9    0.0    0.0   0.05 | 0.319 0.000219 21.7 0.0246 11.4
  34  0.00  0.00 -15.96   +0.01    45.5    -1.2   -3.1 |  0.1  0.5  0.1  1.0 |    0    0    0    0 |   31.4    0.0    0.0   0.08 | 0.314 0.000225 22.7 0.0219 11.4
  35  0.00  0.00 -15.95   -0.02    46.1    -0.9   -2.9 |  0.1  0.7  0.2  1.3 |    0    0    0    0 |   30.9    0.0    0.0   0.16 | 0.309 0.00023 25.1 0.0227 11.5
  36  0.00  0.00 -15.97   -0.01    46.2    -1.0   -3.0 |  0.2  0.9  0.3  1.5 |    0    0    0    0 |   28.5    0.0    0.0   0.20 | 0.285 0.000239 20.6 0.0199 11.6
  37  0.00  0.00 -15.98   -0.00    45.8    -1.1   -3.0 |  0.2  0.7  0.2  1.2 |    0    0    0    0 |   28.5    0.0    0.0   0.12 | 0.285 0.000239 22 0.0211 11.7
  38  0.00  0.00 -15.96   +0.03    45.4    -1.3   -3.2 |  0.2  0.5  0.1  0.6 |    0    0    0    0 |   30.1    0.0    0.0   0.11 | 0.301 0.000248 25.7 0.0222 11.7
  39  0.00  0.00 -15.96   -0.01    45.5    -1.1   -3.1 |  0.1  0.6  0.1  0.8 |    0    0    0    0 |   31.1    0.0    0.0   0.08 | 0.311 0.000245 20.6 0.0198 11.6
  40  0.00  0.00 -15.96   -0.00    45.6    -1.1   -3.1 |  0.1  0.6  0.1  1.0 |    0    0    0    0 |   29.1    0.0    0.0   0.10 | 0.291 0.000259 24.1 0.0209 11.7
  41  0.00  0.00 -15.96   +0.02    45.6    -1.2   -3.1 |  0.1  0.5  0.1  0.9 |    0    0    0    0 |   28.7    0.0    0.0   0.11 | 0.287 0.000261 24.7 0.0213 11.6
  42  0.00  0.00 -15.96   -0.02    45.5    -1.3   -3.1 |  0.2  0.5  0.1  0.7 |    0    0    0    0 |   29.0    0.0    0.0   0.11 | 0.29 0.000243 21.8 0.0202 11.6
  43  0.00  0.00 -15.96   +0.00    45.6    -1.2   -3.1 |  0.1  0.5  0.1  0.9 |    0    0    0    0 |   30.0    0.0    0.0   0.12 | 0.3 0.000241 24.9 0.0205 11.6
  44  0.00  0.00 -15.95   +0.00    45.5    -1.2   -3.1 |  0.2  0.5  0.2  0.6 |    0    0    0    0 |   29.8    0.0    0.0   0.06 | 0.298 0.000241 22.7 0.022 11.6
  45  0.00  0.00 -15.95   -0.01    45.5    -1.2   -3.1 |  0.1  0.5  0.2  0.7 |    0    0    0    0 |   30.8    0.0    0.0   0.08 | 0.308 0.000232 21.3 0.0224 11.6
  46  0.00  0.00 -15.95   +0.00    45.6    -1.2   -3.1 |  0.2  0.5  0.0  0.8 |    0    0    0    0 |   30.7    0.0    0.0   0.12 | 0.307 0.000228 23.6 0.0208 11.6
  47  0.00  0.00 -15.95   +0.00    45.7    -1.1   -3.0 |  0.1  0.5  0.1  1.0 |    0    0    0    0 |   28.9    0.0    0.0   0.18 | 0.289 0.000229 21.6 0.0147 11.6
  48  0.00  0.00 -15.95   -0.02    46.3    -1.0   -2.8 |  0.2  0.6  0.3  1.2 |    0    0    0    0 |   28.7    0.0    0.0   0.19 | 0.287 0.000244 22.6 0.0248 11.7
  49  0.00  0.00 -15.97   +0.00    46.2    -1.1   -3.0 |  0.3  0.6  0.3  1.1 |    0    0    0    0 |   27.5    0.0    0.0   0.13 | 0.275 0.000261 26.6 0.0185 11.8
  50  0.00  0.00 -15.95   +0.01    45.5    -1.2   -3.1 |  0.4  0.5  0.1  0.5 |    0    0    0    0 |   26.6    0.0    0.0   0.11 | 0.266 0.000266 20.5 0.0197 11.8
  51  0.00  0.00 -15.95   -0.00    45.6    -1.0   -3.1 |  0.2  0.6  0.1  0.7 |    0    0    0    0 |   27.9    0.0    0.0   0.12 | 0.279 0.000259 22.4 0.017 11.7
  52  0.00  0.00 -15.94   -0.01    45.6    -1.1   -3.2 |  0.1  0.5  0.1  1.0 |    0    0    0    0 |   27.3    0.0    0.0   0.08 | 0.273 0.000263 25 0.0216 11.7
  53  0.00  0.00 -15.95   +0.03    45.6    -1.1   -3.2 |  0.2  0.5  0.2  0.8 |    0    0    0    0 |   29.2    0.0    0.0   0.09 | 0.292 0.000259 19.6 0.0206 11.7
  54  0.00  0.00 -15.93   -0.00    45.5    -1.2   -3.2 |  0.1  0.6  0.1  0.8 |    0    0    0    0 |   29.4    0.0    0.0   0.10 | 0.294 0.000256 23.5 0.0217 11.7
  55  0.00  0.00 -15.95   -0.02    45.6    -1.2   -3.2 |  0.0  0.7  0.2  1.0 |    0    0    0    0 |   31.0    0.0    0.0   0.08 | 0.31 0.000246 24.8 0.0182 11.6
  56  0.00  0.00 -15.97   -0.05    45.9    -1.1   -3.2 |  0.3  0.7  0.4  0.9 |    0    0    0    0 |   29.9    0.0    0.0   0.08 | 0.299 0.000243 20.3 0.0237 11.6
  57  0.00  0.00 -16.13   -0.19    44.2    -0.8   -2.2 |  0.8  1.2  0.4  2.3 |    0    0    0    0 |   26.8   16.8   20.2   0.12 | 0.268 0.000247 23.4 0.0257 11.7
  58  0.00  0.00 -16.24   -0.04    44.2    -0.5   -2.1 |  0.3  0.2  0.2  0.2 |    0    0    0    0 |   21.4   61.2   70.9   0.11 | 0.214 0.000243 23.6 0.03 12.1
  59  0.00  0.00 -16.23   +0.06    44.3    -0.5   -2.3 |  0.3  0.2  0.2  0.2 |    0    0    0    0 |   19.3   30.7   35.4   0.12 | 0.193 0.000172 22.3 0.0272 12.4
  60  0.00  0.00 -16.23   -0.06    45.6    +0.2   -3.0 |  0.0  0.0  0.0  0.0 |    0    0    0    0 |   21.3   27.0   32.0   0.15 | 0.213 0.00014 25.9 0.0283 12.6
  61   nan   nan -16.42   -0.24    46.5    -0.6   -0.6 |  0.0  0.0  0.0  0.0 |    0    0    0    0 |   28.5   69.9   97.6   0.17 | 0.285 0.000111 21.9 0.0378 12.4
  62   nan   nan -16.58   -0.06    46.6    -0.6   -0.6 |  0.0  0.0  0.0  0.0 |    0    0    0    0 |   59.9   40.0   99.9   0.20 | 0.599 8.49e-05 23.3 0.034 12.2
  63   nan   nan -16.63   -0.04    46.5    -0.7   -0.6 |  0.0  0.0  0.0  0.0 |    0    0    0    0 |   54.2   45.8   99.9   0.18 | 0.542 6.64e-05 25.9 0.0363 12
  64   nan   nan -16.65   -0.00    46.7    -0.7   -0.6 |  0.0  0.0  0.0  0.0 |    0    0    0    0 |   40.1   59.5   99.6   0.21 | 0.401 6.45e-05 21 0.0343 12
  65  0.00  0.00 -16.71   -0.11    46.9    -0.7   -0.6 |  0.0  0.0  0.0  0.0 |    0    0    0    0 |   38.6   61.4  100.0   0.22 | 0.386 7.62e-05 24.4 0.0377 12
  66  0.00  0.00 -16.76   +0.03    47.4    -0.7   -0.6 |  0.0  0.0  0.0  0.0 |    0    0    0    0 |   33.9   62.7   96.6   0.19 | 0.339 8.79e-05 24 0.0369 12
  67  0.00  0.00 -16.67   +0.07    47.8    -0.7   -0.6 |  0.0  0.0  0.0  0.0 |    0    0    0    0 |   25.4   46.9   71.1   0.18 | 0.254 8.19e-05 22.1 0.0358 11.9
  68  0.00  0.00 -16.64   -0.03    48.1    -0.7   -0.6 |  0.0  0.0  0.0  0.0 |    0    0    0    0 |   24.3   49.2   71.4   0.17 | 0.243 8.27e-05 25.9 0.0358 11.9
  69  0.00  0.00 -16.69   -0.04    48.0    -0.7   -0.6 |  0.0  0.0  0.0  0.0 |    0    0    0    0 |   39.3   58.6   91.1   0.13 | 0.393 6.04e-05 21.9 0.0367 12
  70  0.00  0.00 -16.76   -0.04    47.5    -0.7   -0.6 |  0.0  0.0  0.0  0.0 |    0    0    0    0 |   31.6   67.7   98.1   0.12 | 0.316 7.07e-05 23.3 0.0362 11.9
  71  0.00  0.00 -16.76   +0.03    49.5    -0.7   -0.4 |  0.0  0.0  0.0  0.0 |    0    0    0    0 |   29.1   63.4   83.0   0.13 | 0.291 7.95e-05 25.5 0.0339 11.9
  72  0.00  0.00 -16.75   +0.11    52.6    -0.5   -0.4 |  0.2  0.2  0.3  0.3 |    0    0    0    0 |   31.0   34.3   50.8   0.19 | 0.31 9.73e-05 19.6 0.0278 12
  73  0.00  0.00 -16.45   +0.29    52.3    -0.6   -0.3 |  0.6  0.6  0.6  0.6 |    0    0    0    0 |   23.0    0.4    0.4   0.22 | 0.23 0.000174 22.4 0.0269 12.1
  74  0.00  0.00 -16.32   -0.02    52.5    -0.6   -0.3 |  0.0  0.0  0.1  0.1 |    0    0    0    0 |   23.1    0.0    0.0   0.24 | 0.231 0.000239 24.5 0.0212 12.1
  75  0.00  0.00 -16.36   -0.04    52.7    -0.4   -0.8 |  0.2  0.1  0.2  0.2 |    0    0    0    0 |   28.9    0.0    0.0   0.17 | 0.289 0.000267 21.6 0.0209 12
  76  0.00  0.00 -16.46   -0.12    53.3    -0.8   -2.3 |  0.6  0.4  0.8  0.7 |    0    0    0    0 |   25.6    0.0    0.0   0.17 | 0.256 0.000282 24.9 0.0249 12
  77  0.00  0.00 -16.52   +0.04    54.3    -1.8   -2.4 |  2.2  1.3  1.3  0.7 |    0    0    0    0 |   16.7    0.0    0.0   0.17 | 0.167 0.000302 22 0.0246 11.8
